48108
35405
86628
58863
78653
40665
58558
20103
1858
25350
84598
58371
31178
89015
83756
13376
84349
46758
80877
95252
46415
49739
33492
4534
96166
40890
76760
68463
23350
59925
31449
83678
68719
64308
76257
21723
51970
38309
20247
23540
13602
21041
23746
81821
85915
96131
6818
85963
25663
50673
53243
83400
86228
29113
64901
93206
80815
78986
46583
93105
89716
9670
4453
89423
94580
62795
22740
71001
80449
23532
42713
42734
32417
85619
5583
32140
67902
19881
36709
63261
87807
85835
42320
96172
260
69169
61955
37539
69157
23938
69894
37891
66400
47748
47115
4669
61493
20573
51604
76602
65071
93448
99392
24620
53996
21956
31208
67209
44775
1256
80421
14075
49371
74334
76780
80901
42880
53223
17403
50186
96072
14134
11592
88341
77470
1756
59285
67661
9413
5422
54262
83237
70458
50409
12726
99550
72549
81325
15475
9199
5456
1354
17604
37134
33381
71069
23494
77748
48946
63623
46871
9297
38365
19235
75768
90405
88249
41313
40476
6777
69268
28915
38886
2711
64816
45846
8152
1700
73867
85391
44126
93096
6342
1470
60816
37752
6624
41974
50903
24483
86246
38097
55366
91423
20334
74644
75346
11497
64005
90664
62607
29681
74778
37148
6286
31205
84873
49121
93118
14477
53393
73168
55917
40250
42496
28197
40783
29483
3956
67234
17408
86272
32939
51100
28779
29435
44331
40985
26700
26527
53643
66278
67769
37484
99270
26457
50790
91567
25827
41372
61085
40935
59286
73002
49750
56894
43837
3524
16646
60786
77624
69514
84738
10464
79992
20167
50387
95424
46339
88568
69288
28942
98396
39439
90969
63907
17491
84141
86128
592
56278
34363
20527
99184
60489
99539
16800
57692
96336
19933
11220
66683
71583
67182
56337
6372
58628
37252
42363
8619
76526
6868
10284
66755
65518
23848
7894
39440
92426
54188
96302
61308
58182
14328
48936
42799
39792
75699
97641
14268
88201
40496
71244
45422
20806
52524
40737
50060
92765
25083
32273
68289
4824
38993
94201
3586
6973
88222
7652
80499
87119
27993
11472
80264
91777
10824
71829
6225
11902
79648
64385
28744
81075
23974
52641
60131
75606
94975
39943
14134
76455
18506
44582
11664
51481
41159
97523
4690
43127
93890
90537
3594
1483
60085
8827
9814
85540
90574
66749
75198
66508
16772
27798
32272
6223
74912
30765
65484
50953
69339
62805
22515
76328
70833
17161
96835
42641
67164
48336
48000
71440
57392
90780
64477
34120
8848
38475
15397
51116
76318
92267
82146
36348
16646
69437
8571
85721
18741
35658
59359
785
9010
63403
30234
59033
85193
42788
10673
90903
77858
70949
60157
159
38072
24300
22317
69136
2240
74313
67830
23267
90657
41995
26605
90273
55011
98776
42463
78658
1871
12304
59499
17330
84193
4422
28215
43678
70873
35651
1728
891
75616
55534
77547
7005
50680
61458
28844
87959
28522
89909
60590
24809
24905
23576
20623
51319
747
35339
93407
52314
16793
5885
5170
55419
5135
45532
73057
79274
24673
22856
38150
99813
63812
52746
32336
22870
2972
24817
42525
6154
51978
59381
52098
56555
32931
62699
59177
39765
87840
15821
94035
78361
52173
72028
83821
81804
50336
56769
41825
47174
37247
60926
90595
93039
31290
93355
63504
40504
58299
11888
67713
35239
53637
83274
33003
12261
50013
32101
15580
41207
12363
26225
73686
54052
67952
12069
82752
49475
19784
56911
11827
88515
24457
77308
40135
44659
61839
32879
52883
48207
23216
42888
18811
69501
96995
39445
18472
18556
36682
5566
61888
99620
54436
58985
6940
48408
95443
33296
65761
96973
13167
76856
65406
56661
83713
36878
11166
83050
68665
21203
86187
88522
60068
33496
9432
97817
18740
58931
65471
99896
47569
36933
14317
35430
25217
95100
87156
73417
62427
34213
74815
72712
33100
48006
19725
94641
75332
33439
29321
31447
53860
97217
39054
41928
24598
92600
66558
40466
44472
26841
15053
68499
25257
64100
3647
88569
38854
11261
25009
80219
43254
14786
56705
84288
13350
15642
81545
37597
28873
6233
4383
63505
92879
8444
88075
35526
28536
45059
69706
10944
29427
8222
59638
39284
19122
38026
70634
86556
9477
11973
72016
80300
33937
11702
14707
72803
72053
77301
27021
40215
74492
81438
38186
83866
44013
55661
46834
76735
27204
79451
15079
2784
24201
98947
35306
69819
29186
76736
86424
37552
73153
86696
69083
91685
52253
58618
85242
12178
89946
46162
6476
29176
99289
38677
57535
33729
82856
62539
26939
11982
32108
20830
4731
1373
65471
1595
39076
25259
74964
44326
97957
48430
34876
91968
20033
10127
62840
71424
39540
33465
13577
39417
74194
80592
28655
2519
72111
21411
61787
70263
24059
10392
48539
28478
60728
20763
91716
26318
71192
68283
89309
54963
98381
67845
40523
58531
90139
5297
27290
58484
10293
74174
83538
91654
43205
22452
32617
58981
57381
77917
94431
57167
28961
72482
38169
18661
64306
65494
83946
16733
2411
74047
37262
1893
22463
54297
73840
23464
29670
41978
79254
55902
43320
52579
87682
93237
65063
62057
57192
97038
62510
37508
65144
83357
63541
63852
6651
12379
20034
17408
31416
796
66286
70112
59899
11443
66991
69194
78406
87311
22410
26259
24535
87767
74228
67040
39351
53683
34640
38469
80726
75122
43272
43262
63474
60346
41864
73874
16212
8127
44969
47461
22354
66677
76450
1396
43178
22027
36200
94926
4612
96209
59209
76720
66186
51413
30069
20318
80590
90039
19905
99942
95252
12628
19955
77642
43643
45680
56195
99385
23255
79639
82821
52546
59682
63647
68907
20107
11788
88145
12164
77926
81625
49020
36510
20629
54610
27669
55999
68890
10380
40264
16711
6379
12828
6416
60278
18070
9015
62565
88037
53380
40957
98654
43114
17308
1744
27950
69307
692
47995
9395
50221
96739
14373
29454
79882
15128
62654
16116
66946
97270
37852
1608
28583
56755
96888
72315
87296
17480
21568
44500
44163
98699
26862
82658
65339
955
28016
33683
85241
79774
35492
84467
99372
55087
5506
63202
92563
93430
85711
95335
24260
17321
60515
93988
71497
41573
18596
11633
12315
9895
36369
4902
17656
6726
95483
67646
8123
49081
29844
68680
23523
21094
28242
90154
47702
99933
2375
68
28988
36009
66813
8174
37381
92568
67477
48371
3673
20298
38180
2650
92794
40991
61046
31737
73937
41069
55899
5871
63381
30481
26154
35385
32469
5452
44334
85355
92777
