37
456
690
714
1065
1094
1206
1224
1233
1644
1705
1801
1863
2128
2160
2342
2405
2534
2537
2541
2582
2616
2619
2779
2875
2900
3042
3155
3157
3231
3491
3581
3745
3760
3979
4009
4037
4062
4128
4447
4570
4663
4691
4815
4942
4989
5282
5329
5691
5779
5957
6046
6065
6123
6123
6405
6508
6880
7050
7103
7190
7278
7360
7628
7646
7858
8067
8392
8640
8664
8784
8941
9019
9537
9546
9580
9630
9702
9810
9810
9883
9996
10183
10426
10452
10721
11059
11141
11265
11300
11573
11635
11645
11684
11720
11809
11913
11984
11985
12210
12276
12377
12383
12436
12605
12644
12908
13040
13173
13216
13268
13368
13374
13390
13440
13565
13715
13732
13811
13857
13956
13965
14030
14073
14204
14258
14274
14448
14698
14761
14822
14902
14922
15007
15094
15228
15475
15549
15700
15730
15779
15852
15921
15942
15953
16004
16011
16277
16403
16425
16473
16768
17211
17626
17656
17687
17743
17910
18053
18087
18102
18106
18107
18137
18221
18263
18428
18434
18439
18506
18563
18756
18775
18906
19085
19191
19198
19213
19389
19504
19700
19706
19814
20004
20140
20259
20348
20619
20731
20768
20833
20865
20941
21131
21261
21297
21489
21588
21705
21888
22053
22121
22209
22234
22256
22353
22472
22567
22728
22744
22788
23003
23093
23121
23266
23275
23289
23377
23539
23574
23603
23717
23828
23850
23855
23890
24213
24314
24758
24844
24931
24961
25191
25214
25280
25572
25617
25872
25958
26036
26071
26217
26219
26224
26232
26267
26302
26544
26598
26601
26704
26824
26977
27020
27079
27390
27406
27613
27615
27818
27860
27949
28059
28377
28563
28699
29147
29217
29237
29244
29275
29520
29605
29625
29670
29937
30024
30168
30172
30316
30335
30390
30423
30458
30497
30581
30598
30684
30935
30952
30957
31183
31401
31404
31474
31474
31484
31575
31703
31928
32016
32032
32060
32339
32364
32455
32532
32590
32721
32723
32879
33019
33166
33269
33278
33302
33427
33451
33490
33564
33678
33766
33795
33959
34018
34198
34251
34483
34534
34672
34738
34847
34930
35126
35144
35200
35250
35319
35341
35636
35718
35781
35823
35835
35860
35931
36037
36048
36067
36569
36583
36602
36614
36717
36752
36843
36978
37045
37092
37303
37316
37472
37508
37511
37541
37807
37989
38084
38181
38322
38431
38554
38739
38947
39099
39231
39411
39633
39696
39771
39880
40018
40036
40088
40206
40541
40667
40760
40869
41004
41066
41224
41325
41437
41604
41610
41704
41750
41793
41811
41857
41963
42223
42604
42606
42652
42842
42918
43171
43212
43320
43582
43656
43666
43919
43969
44041
44094
44184
44315
44370
44483
44590
44784
44809
44861
45094
45163
45280
45338
45472
45619
45806
45812
45992
45995
46124
46135
46147
46164
46199
46271
46278
46307
46403
46456
46593
46875
46927
46947
46998
47439
47539
47567
47632
47728
47736
47762
47870
47940
48022
48035
48185
48217
48332
48338
48360
48383
48385
48441
48534
48570
48705
48723
49138
49359
49767
49876
50242
50359
50395
50441
50528
50590
50649
50675
50685
50714
50717
50767
50790
50912
50930
50939
50968
51019
51160
51210
51355
51465
51499
51593
51729
51741
51778
51793
51798
51873
52080
52190
52210
52295
52303
52386
52444
52517
52925
52942
52979
53188
53380
53651
53842
53969
54012
54212
54213
54323
54345
54512
54514
54553
54584
54631
54643
54764
54889
54897
55009
55012
55028
55038
55044
55103
55163
55278
55289
55344
55661
55897
56151
56216
56294
56365
56422
56439
56480
56505
56675
56746
56828
56829
56863
56924
57044
57258
57399
57461
57463
57547
57760
58074
58119
58153
58182
58250
58392
58401
58473
58532
58641
58704
58722
58731
58789
58869
58902
59033
59164
59194
59368
59434
59579
59605
59817
59845
59850
59910
59965
60090
60192
60239
60253
60394
60513
60628
60792
60929
61069
61297
61571
61690
61715
61780
61798
61814
61835
61967
61976
61988
62041
62465
62566
62570
62876
62879
63024
63167
63215
63229
63257
63459
63523
63577
63592
63633
63773
63863
64088
64218
64259
64354
64378
64760
64919
65038
65267
65581
65604
65634
65756
65765
65858
66005
66036
66146
66157
66252
66517
66556
66738
66759
66806
66871
66924
67098
67145
67194
67269
67362
67453
67586
67699
67798
67969
67972
68287
68305
68361
68435
68457
68460
68501
68836
69082
69227
69466
69705
70036
70107
70136
70154
70283
70339
70440
70483
70620
70693
70740
70777
70783
70857
70872
70887
71039
71048
71098
71160
71287
71391
71460
71466
71534
71612
71614
71769
72001
72094
72122
72258
72280
72298
72307
72367
72657
72687
72713
72845
72977
72988
73024
73120
73150
73334
73390
73403
73447
73453
73485
73485
73531
73543
73746
73780
73782
73839
73864
73990
74008
74042
74178
74276
74292
74474
74644
74664
74677
74682
74739
74859
75326
75398
75495
75581
76020
76208
76233
76295
76313
76368
76368
76562
76623
76667
76742
76845
76902
77229
77381
77466
77482
77542
77570
77603
77688
77762
77780
78111
78124
78310
78462
78487
78573
78649
78670
78688
78702
78964
79177
79314
79335
79369
79442
79451
79568
79703
79761
79876
79979
79987
80064
80082
80168
80182
80423
80444
80461
80614
80664
80799
81046
81119
81174
81177
81207
81281
81298
81452
81756
81848
81873
81938
82028
82369
82370
82375
82907
82937
83011
83019
83444
83457
83593
83605
83803
83909
83913
83947
84228
84302
84449
84666
84734
85013
85042
85160
85189
85197
85214
85348
85460
85683
85714
85837
86378
86402
86460
86495
86680
86686
86744
86894
87014
87321
87495
87656
87689
87718
87724
87768
87838
87891
87909
87965
87966
87973
88377
88389
88471
88503
88605
88686
88769
88814
88868
88977
89024
89134
89294
89411
89444
89497
89665
89872
89873
89881
89967
90003
90128
90143
90147
90213
90370
90662
90712
90886
91084
91509
91518
91637
91668
91697
91894
91964
92309
92483
92553
92629
92745
92891
92980
93025
93363
93404
93432
93488
93674
93888
94015
94023
94300
94320
94510
94514
94630
94661
94664
94768
94837
94873
94963
95172
95700
95835
96293
96355
96361
96401
96507
96581
96657
96657
96703
96793
96874
96916
96937
96955
96968
96992
97045
97332
97351
97411
97613
97651
97685
98002
98191
98210
98290
98636
98692
98739
98766
98811
98964
98999
99195
99321
99448
99600
99623
99652
99694
99695
99697
99704
99793
99927
